538
995
69
182
412
490
3456
78
117
923
5
846
1196
1357
20
324
65
1439
482
2555
1048
143
71
44
105
205
536
56
98
324
52
852
43
78
42
94
10496
271
579
1404
210
777
149
110
680
960
67
102
1986
213
418
0
8218
384
1033
1083
203
1372
1194
345
261
262
782
535
1195
97
401
222
1899
89
69
2688
494
159
4
157
324
269
2229
502
517
370
152
930
328
5455
960
1710
98
1446
484
178
699
150
54
2239
169
1016
424
842
196
152
324
413
407
804
117
51
373
1439
4376
131
44
226
44
930
8216
166
41
662
519
804
3933
283
355
33
720
1187
345
1001
354
794
294
110
282
803
54194
285
185
121
122
94
2549
59
629
1113
7
51
5353
79
510
1268
36
377
9284
1429
248
701
480
630
1730
2081
307
2340
1009
446
1712
7450
128
765
119
1150
699
1985
62
11929
13581
12622
4387
1344
360
791
72
334
1679
330
75
200
140
416
3009
161
49
30
37
62
2808
1804
7495
52
4920
59
1194
97
903
74
234
547
7614
784
71
56
211
576
32
492
103
78
1339
117
55
97
438
1777
1211
652
1687
74
1318
3203
826
3259
135
2653
4617
1945
65
2318
34
5829
86
466
3495
455
201
120
2095
0
159
518
194
58
78
78
137
747
5244
756
327
581
184
337
3076
775
54
4
88
833
985
948
220
134
167
86
133
237
75
4275
6
409
185
444
68
574
166
303
126
209
6915
5
74
441
6235
1168
3596
316
5
1609
2036
171
231
296
83
416
3713
151
419
339
111
805
126
707
1368
708
941
179
1577
1215
1017
94
201
1439
18
339
352
146
857
865
234
42
951
451
89
812
4
224
248
194
1196
83
189
1180
572
109
845
122
366
573
141
332
1766
422
4120
183
631
313
1073
414
1940
324
519
136
41
48
2470
1515
232
1268
1044
357
68
374
1046
229
1353
31
1134
272
53
441
142
272
1078
1763
1795
1232
1681
697
90
347
99
5158
128
131
3
1708
739
77
254
1280
1358
504
770
155
60
37
185
760
712
358
1092
652
27
171
1998
78
65
528
486
1183
662
115
331
376
66
185
829
1524
235
438
136
517
10
2511
33
508
242
285
169
171
250
753
755
335
93
346
24
139
779
678
584
137
754
1745
4090
2470
536
60
73
31
87
9470
652
300
715
530
540
318
872
549
543
33
1995
1600
135
376
86
580
243
153
120
2887
172
27
8834
290
0
2463
608
88
820
937
189
674
54
272
116
89
0
377
4025
167
319
882
1323
158
118
257
896
2888
770
209
598
987
1402
830
93
14524
95
573
402
523
259
51
182
115
41
330
448
2900
95
6
365
84
517
156
895
248
901
36
647
78
2621
252
29
7098
1544
341
312
424
190
855
177
26
7956
145
9174
266
212
1709
342
3154
332
4311
277
560
618
352
869
65
413
102
310
394
183
58
27
15
20
1591
1822
15607
404
1193
36
1006
452
58
194
1299
738
933
310
315
137
271
82
353
347
209
594
650
1492
1764
4126
37
46
310
1280
50
792
508
546
32521
831
568
177
7680
1945
182
2496
1734
522
363
88
574
128
59
2964
1930
298
131
24526
104
812
1639
52
102
57
386
18
4454
122
313
668
1311
190
1081
57
60
456
108
1773
49
280
114
98
62
1667
11
555
1217
494
1862
1364
860
796
102
409
749
381
352
108
26
10541
114
610
78
195
1735
1949
909
178
10
1008
282
2312
168
230
677
742
115
1335
504
4333
977
202
59
455
847
986
1550
152
255
50
4112
1283
103
172
234
87
307
115
1082
641
558
394
1590
239
182
2631
1085
1004
966
710
784
354
224
2596
268
325
242
368
681
4872
1918
5151
159
219
1155
280
181
179
816
1225
438
1877
203
176
875
3033
577
70
266
169
89
750
917
196
648
1716
259
775
229
8044
38
5890
54
197
716
94
1678
437
221
187
588
246
354
581
80
204
39
233
187
1437
342
1945
47
45
167
667
4483
441
500
951
587
121
505
758
1704
1196
732
79
59
63
440
104
886
274
267
743
334
450
450
69
458
261
18
2934
88
1257
272
802
804
242
3991
34
640
583
117
543
806
1215
1413
2248
4785
127
57
421
407
71
465
285
233
336
116
298
61
120
505
297
3057
591
76
2317
9109
889
143
1061
192
285
812
326
824
176
1795
419
78
7
1112
1974
44
408
39
1700
11472
145
7
5188
99
148
466
1319
4248
130
1090
10
26
397
88
603
278
1250
156
469
611
0
584
64
135
1041
663
58
4150
1397
111
410
154
1226
4
1090
28
228
191
3586
284
722
7608
1729
1474
2021
103
442
170
1296
35
226
5018
513
779
147
5258
797
832
137
211
598
77
2079
2137
102
60
496
91
424
4419
359
4598
234
45
4692
3369
507
370
193
282
83
510
906
97
94
501
1213
178
17
1418
58
804
308
855
1193
101
297
580
1125
296
230
203
583
246
1598
2081
3881
472
152
58
134
87
222
17592
2570
778
5
50
22
106
129
959
7739
716
