243
70
66
1477
1538
33
116
90
57
45
96
538
2273
990
10591
600
83
118
932
254
407
60
477
133
7585
1570
149
30
51
420
547
1541
604
3367
397
590
485
3128
1952
114
1579
214
15
1819
1215
306
1886
28
886
1130
146
6958
9
160
3654
1061
15
232
404
1829
31
246
445
446
139
764
2572
680
115
40
2379
279
3408
1504
436
246
320
403
1167
1612
980
485
1019
1235
16723
417
4088
2216
481
186
674
1608
37
176
5369
0
428
1229
175
3587
129
15
1028
1298
138
10
2043
121
241
1215
1230
1196
5270
7461
164
819
1036
70
4601
105
2881
306
102
14
674
2578
56
413
389
802
50
65
1044
9549
660
187
569
2353
4
71
49
9097
465
3636
256
142
402
228
107
382
53
50
217
293
80
18464
147
254
69
301
3177
216
2238
503
159
271
1067
1653
1480
21
203
1678
583
293
720
481
33
849
20
8
181
146
260
3094
3823
8
54
2182
827
2017
279
546
35
651
710
918
319
774
306
185
369
502
578
57
418
3408
14
86
113
236
49
437
205
120
3052
12
2610
412
68
443
108
32
346
731
944
625
1504
120
136
903
655
3030
297
29
184
572
430
77
869
195
317
356
1816
162
2070
84
252
136
397
168
150068
2483
267
458
1107
2277
8
1338
3144
3597
17
98
2975
251
117
119
1108
70
60
3708
583
218
809
403
202
288
3162
2320
57
20
937
649
148
1739
755
24
174
41
42
5136
3280
440
193
118
4138
221
90
1157
40
1816
568
121
202
1243
459
330
45
639
54
68
3515
417
1637
94
122
247
433
32
634
1418
41
369
44
1930
484
5518
554
117
3057
23
3917
122
7
56
801
211
27
2017
37
97
135
963
230
1196
541
285
1450
420
240
3941
1019
5760
401
20
191
1810
563
352
196
276
585
113
1549
1197
7024
2837
591
70
412
212
233
3461
37
1718
58
1181
21662
1989
678
7441
2447
421
1124
200
1662
352
41
2051
917
1005
149
453
1024
72
113
49
1570
1128
28
24
65
13
893
2684
850
4905
160
1275
72
14
180
53
315
2415
48
364
169
94
612
213
1027
513
190
71
175
46
839
80
248
1581
84
247
1478
7363
633
945
47
261
4368
96
391
189
299
12416
185
296
139
8112
905
849
605
203
287
1332
21
705
519
2771
86
1329
374
2503
105
1700
181
859
2352
45
156
940
2078
1965
9273
3270
919
1471
1922
716
391
582
50
416
355
2660
143
186
1288
83
353
401
89
2591
11
256
1248
88
368
92
57
1348
4445
429
2122
85
1174
268
597
20
848
0
114
3048
71
192
3523
2273
88
316
713
35
318
906
3281
1077
11
86
276
142
172
642
278
37
2395
3925
683
15028
455
2
428
3
240
189
95
547
4898
17104
73
167
1182
236
3303
1423
1508
417
1138
35
31
111
1977
4183
250
372
34
6288
42
9
499
2459
66
122
49
560
181
70931
639
119
3679
711
106
1326
73
15
1403
689
1097
89
234
344
89
265
4602
123
327
331
191
240
192
978
493
91
324
30
517
1210
1292
50
1853
282
147
171
101
27
373
1084
49
106
1043
324
2
1223
172
711
573
3607
982
362
191
4
54
80
148
424
1973
389
12211
6
368
253
2878
11
644
129
119
105
1484
41
90
572
33
47
255
1572
10
691
139
812
189
4596
591
1308
60
221
3430
170
1395
387
406
72
475
1903
610
1199
67
164
1793
54
13
202
0
1731
2224
1615
1545
1791
27
262
60
244
348
2453
6
142
510
562
5
1182
36
145
160
410
40
892
2
75
63
58
119
283
426
333
248
17
8
795
1784
59
70
119
92
1155
2192
2922
7255
268
664
2500
82
26
57
232
66
289
242
2
475
859
31
97
70
22590
74
3618
12
1438
32
2355
271
163
324
432
436
2204
845
275
683
762
35
1332
189
978
68
65
254
165
187
307
108
270
591
436
451
107
1507
1272
996
220
1516
74
4058
73
109
387
4144
1606
3728
145
228
71
6443
45
173
249
3558
340
1975
1263
3689
18
128
166
4767
1913
22
145
323
729
847
504
238
2069
954
740
3092
287
4423
1333
2095
109
108
486
174
481
980
1664
1198
793
221
2250
254
3050
18435
2609
10675
577
20
1304
638
17
662
336
710
1253
2450
855
510
134
395
242
2551
12348
471
594
97
171
2989
534
590
467
5637
1218
1923
8465
1399
1579
236
60
614
195
551
178
135
11
4257
934
374
377
311
14404
136
346
2
1257
244
1912
2511
326
548
113
95
460
42
879
2439
272
1008
42
825
2
6584
2120
2485
454
2
1076
864
370
5238
802
80
1451
4
613
3245
49
8549
1812
352
425
717
102
730
76
460
510
67
2
539
1462
390
233
27
1889
2
1256
8116
4878
722
670
335
108
578
5055
144
1352
58
3842
391
131
39
296
221
505
5121
1171
2024
4645
267
749
710
280
1215
2322
846
508
28
3
323
236
1029
3869
465
414
60
366
143
74
400
209
385
5096
545
322
1425
398
273
5
266
31
416
207
3499
166
31
419
29
440
97
50
572
3798
