epoch,acc,loss,val_acc,val_loss
0,0.72686275839805603,0.64801877140998843,0.9964052279790242,0.58162986437479658
1,0.94997549057006836,0.49785914123058317,0.99852941036224363,0.40250112811724342
2,0.99561274647712705,0.29841126948595048,1.0,0.225740181406339
3,0.99975490570068359,0.15199196562170983,1.0,0.090883590777715045
4,1.0,0.07589178010821343,1.0,0.045424584547678629
5,1.0,0.041701845824718475,1.0,0.016821597268184028
6,1.0,0.017847981862723829,1.0,0.0064141593252619112
7,1.0,0.0078077032696455715,1.0,0.0052311636817951998
8,1.0,0.0045583346160128716,1.0,0.0030243117595091461
9,1.0,0.0024391672457568349,1.0,0.0013397850561887026
10,1.0,0.0015644027385860681,1.0,0.0006657905003521591
11,1.0,0.00064670362917240709,1.0,0.00050604086815534777
12,1.0,0.00056356696877628569,1.0,0.0003063923087514316
13,1.0,0.00027681176725309343,1.0,0.00010832647434047734
14,1.0,0.00011487165174912661,1.0,5.1018009132045941e-05
15,1.0,0.00013872244089725428,1.0,2.7657894558312062e-05
16,0.99522057771682737,0.04900123947263637,1.0,8.1865310979386166e-05
17,0.99926470518112187,0.0062070310348644854,1.0,1.8538079621066573e-05
18,1.0,0.00011883651422976982,1.0,2.2771388103137724e-05
19,1.0,7.7424688061000777e-05,1.0,2.6515267018112353e-05
20,0.9977941155433655,0.024235915348435812,1.0,1.7521581745919927e-05
21,0.98897059559822087,0.094832902401685709,1.0,0.00078454822845136127
22,0.99852941036224363,0.0099121983919758343,1.0,0.00033772158106633771
23,1.0,0.00068906408851034941,1.0,0.00016385953931603582
24,1.0,0.00034756302193272859,1.0,0.00013852041932598997
