epoch,acc,loss,val_acc,val_loss
0,0.72428921163082127,0.64836229085922237,0.97263072331746414,0.58396840890248614
1,0.95257352590560918,0.49461741149425509,0.99436274766921995,0.40885839660962425
2,0.99627448916435246,0.30298499614000318,0.99941176573435464,0.2292755295832952
3,0.99970588684082029,0.15839128121733664,1.0,0.092764600118001306
4,0.9999754905700684,0.080571450665593153,1.0,0.04847888971368472
5,0.99963235855102539,0.04513104744255543,1.0,0.016539707345267139
6,1.0,0.019343564938753843,1.0,0.0088879144440094631
7,1.0,0.0095784218981862061,1.0,0.0051851524660984673
8,1.0,0.0044449517969042066,1.0,0.0018334329438706239
9,1.0,0.0031322323018684985,1.0,0.0016556302395959695
10,1.0,0.001587702229153365,0.99117647409439091,0.067412029579281801
11,1.0,0.00084368649404495952,1.0,0.00016122360248118638
12,1.0,0.00048068893956951795,1.0,6.5861872280947869e-05
13,1.0,0.00031868838923401201,1.0,2.6894866459770127e-05
14,1.0,9.8902759054908524e-05,1.0,1.8399946808737391e-05
15,1.0,0.00013891789349145255,1.0,8.0363733407769665e-06
16,1.0,5.578976015385706e-05,1.0,3.6767448212534265e-06
17,1.0,2.1988696789776441e-05,1.0,1.1573061556191532e-06
18,1.0,1.3338112012206693e-05,1.0,6.2567938812208008e-07
19,1.0,7.6127784723212246e-06,1.0,3.1801287908213757e-07
20,1.0,8.1631085777189589e-06,1.0,1.7161343540313586e-07
21,1.0,3.2099975669552804e-06,1.0,5.700576859150412e-07
22,1.0,4.0386173338902154e-06,1.0,3.0327279224214486e-07
23,0.99963235855102539,0.0057506871967746061,1.0,2.8229652192142871e-07
24,0.99154409766197205,0.1181505061686039,0.99542482693990075,0.051663089470950281
