epoch,acc,loss,val_acc,val_loss
0,0.99019604921340942,0.051764140650629994,0.98975487947463991,0.04987243860960007
1,0.99019604921340942,0.0434770118445158,0.98908494710922246,0.043617507815361022
2,0.99024506807327273,0.030474013090133666,0.98993461529413862,0.025867048526803653
3,0.9924019515514374,0.019249018281698227,0.99781049092610674,0.0089979150642951321
4,0.98899509906768801,0.047153585031628607,0.99629081090291338,0.0096567404766877488
5,0.99598038196563721,0.017025035154074431,1.0,0.0022605355829000474
6,0.9998774528503418,0.0023754780297167597,1.0,0.00093186508941774571
7,0.9999264717102051,0.0010124402702786028,1.0,0.00059642548051973179
8,1.0,0.0005518649821169674,1.0,0.00022025278497797747
9,1.0,0.00024772749602561814,1.0,0.00011501089417530845
10,1.0,0.00022169384392327628,1.0,1.4973197054738801e-05
11,1.0,8.9902076797443439e-05,1.0,4.5340876871099079e-06
12,1.0,5.6317507005587683e-05,1.0,1.1768792849882932e-06
13,1.0,2.1892600989303902e-05,1.0,6.7457807517712354e-07
14,1.0,1.3823405106450082e-05,1.0,3.3653344454857386e-07
15,1.0,9.2455730737128757e-06,1.0,1.8959499641368894e-07
16,1.0,5.3876977290201465e-06,1.0,1.6403345455273665e-07
17,1.0,2.7952837342581915e-06,1.0,1.2095198371753212e-07
18,0.99955883026123049,0.0064650180484647993,1.0,1.4284085807503289e-07
19,1.0,1.807084265692538e-06,1.0,1.2579619503109523e-07
20,1.0,1.9190633395282928e-06,1.0,1.1683773095683137e-07
21,1.0,1.5465415856397158e-06,1.0,1.8283944598351808e-07
22,0.99656862020492554,0.044721201513766573,1.0,3.5588088546016177e-06
23,1.0,9.4401152182399521e-06,1.0,2.7769198974662384e-06
24,1.0,8.4428323589236239e-06,1.0,2.3984182462299941e-06
