epoch,acc,loss,val_acc,val_loss
0,0.99544116258621218,0.01953862910741009,1.0,0.00036331055550059923
1,0.99419117569923399,0.029924864709028044,0.99750000635782876,0.010043516103178263
2,0.9886274576187134,0.037461949326097962,1.0,0.0044545249858250219
3,0.9998039245605469,0.0018389691336778923,1.0,0.0002154749536809201
4,1.0,0.00022025892903911881,1.0,7.8022074497615304e-05
5,1.0,7.4469594437687192e-05,1.0,3.0066538026100415e-06
6,1.0,1.2697849570031394e-05,1.0,4.2432868212927135e-06
7,1.0,8.0228991464537106e-06,1.0,4.5867294981386903e-06
8,1.0,4.9189136234417671e-06,1.0,8.1419748691284133e-07
9,1.0,5.9868718267352961e-06,1.0,5.6313522046972744e-07
10,1.0,1.4165463085191731e-06,1.0,1.1496317663765391e-07
11,1.0,9.1391567025311815e-07,1.0,1.1926494446849272e-07
12,1.0,2.4913953325267359e-06,1.0,1.0051669505628524e-07
13,1.0,4.4754175902994576e-07,1.0,1.0030909625887338e-07
14,0.9977941155433655,0.024258231415004872,1.0,0.00023778329875009756
15,0.99139705300331116,0.034899935300927609,1.0,0.0037323674031843742
16,0.9999754905700684,0.00052799687546212226,1.0,0.00058223184314556422
17,1.0,0.00023108984969439917,1.0,4.0524788588906327e-05
