epoch,acc,loss,val_acc,val_loss
0,0.72987746596336367,0.64726359248161314,0.96990195910135901,0.58435617685317998
1,0.9488725423812866,0.49666365385055544,0.99941177368164058,0.41273854176203412
2,0.99448528289794924,0.29911081790924071,0.99911764860153196,0.23075848619143169
3,0.99977941513061519,0.15627928152680398,1.0,0.092878985404968264
4,1.0,0.07291718795895577,1.0,0.047816211481889088
5,1.0,0.044453203305602075,1.0,0.01509650181978941
6,1.0,0.01817851224914193,1.0,0.0094930189351240795
7,1.0,0.0087177136447280645,1.0,0.0049722453889747458
8,1.0,0.0043857142794877287,1.0,0.0022262656285117069
9,1.0,0.0030814956873655317,1.0,0.0015416147342572609
10,1.0,0.0015018055273685604,1.0,0.00038166029456381998
11,1.0,0.0008110685041174293,1.0,0.00014685410230110089
12,1.0,0.0005682234565028921,1.0,4.9436848348705099e-05
13,1.0,0.0001954767809365876,1.0,2.7260594652034343e-05
14,0.9977941155433655,0.021405852832685923,1.0,8.0601635272614661e-05
15,0.99279412627220154,0.054749641264788804,1.0,0.00028699383644076684
16,1.0,0.00082428490859456363,1.0,8.9674736470139277e-05
17,1.0,0.00026768492825794964,1.0,5.9767639322672038e-05
