epoch,acc,loss,val_acc,val_loss
0,0.75789215564727785,0.63517274856567385,0.98856208721796668,0.56056170860926313
1,0.95818628072738643,0.4598697632551193,0.99929738442103067,0.3742186228434245
2,0.9947303831577301,0.26061131954193117,1.0,0.20527432064215342
3,0.99958333969116209,0.13418183103203773,1.0,0.075077330072720841
4,0.99870097637176514,0.07850967943668366,1.0,0.046288338800271354
5,0.9957107782363892,0.057794634625315665,1.0,0.013017439718047778
6,1.0,0.016311175376176833,1.0,0.0080262968937555943
7,1.0,0.0083249524235725399,1.0,0.0062631009146571163
8,1.0,0.0042826961493119594,1.0,0.0023463713936507703
9,1.0,0.0028686766745522618,1.0,0.0020417254650965332
10,1.0,0.0020038867369294167,1.0,0.0002860170711452762
11,1.0,0.00082819891395047307,1.0,4.6903283267359562e-05
12,1.0,0.00056298745039384812,1.0,5.1582107456245767e-05
13,1.0,0.00031359774002339693,1.0,2.4793661699125853e-05
14,1.0,0.00015564705827273429,1.0,1.4729910314296527e-05
15,1.0,0.00018149726965930313,1.0,4.523399911704473e-06
16,1.0,7.1240799843508282e-05,1.0,1.4496898984361905e-06
17,1.0,1.6365347710234347e-05,1.0,8.4439145287736512e-07
18,0.99877450466156004,0.015918949535080173,1.0,1.345365588652688e-06
19,0.99080881476402283,0.090458436682820317,1.0,3.1548345699169049e-05
20,0.99816175699234011,0.01656154864031123,1.0,6.6167919673413656e-05
21,1.0,0.00019832345788017847,1.0,6.9042531201072652e-05
