epoch,acc,loss,val_acc,val_loss
0,0.73299019336700444,0.64851663112640379,0.95972221295038862,0.58572392066319778
1,0.94504902362823484,0.50044469833374028,0.9921241760253906,0.41524450580279032
2,0.99286763668060307,0.30152556896209715,0.99918300708134966,0.23714569409688313
3,0.99928922653198238,0.15417267829179765,1.0,0.090551702181498203
4,0.9999754905700684,0.078761374577879906,1.0,0.048775543024142581
5,1.0,0.043834035843610765,0.99901959896087644,0.021869177060822646
6,1.0,0.020177485700696707,1.0,0.0078553278930485245
7,1.0,0.0087682631798088554,1.0,0.0054451787223418558
8,1.0,0.0043336529051885009,1.0,0.0023708642460405827
9,1.0,0.0028041216777637602,1.0,0.0011409249389544129
10,1.0,0.0016604220727458596,1.0,0.00060481715093677242
11,1.0,0.00091563710011541841,1.0,0.00012557137524709104
12,1.0,0.00052836498070973903,1.0,4.5116217127845935e-05
13,1.0,0.00025947195390472186,1.0,2.1222821184589218e-05
14,1.0,0.00012882718801847658,1.0,1.3552484900477186e-05
15,1.0,0.00013528989511542023,1.0,6.6925478373984033e-06
16,1.0,7.369993145402986e-05,0.99990196228027339,0.0013506396876285483
17,1.0,3.0223600060708122e-05,1.0,6.1347874028191045e-07
18,1.0,1.2979479970454122e-05,1.0,3.3852621944182223e-07
19,1.0,8.2748894556061721e-06,0.99550652901331582,0.070703946414144528
20,1.0,4.5467072368410296e-06,0.99918300310770669,0.013129415863318172
21,1.0,5.7083445881289663e-06,1.0,2.6996220015007566e-07
22,1.0,2.6890841922977415e-06,1.0,1.9462626426047792e-07
23,1.0,1.1401065805216603e-06,1.0,1.5393955929236351e-07
24,1.0,4.2841068932375491e-07,1.0,1.3072588937272181e-07
25,1.0,4.867504529215694e-07,1.0,1.0347407908284367e-07
26,1.0,4.0074948515211872e-07,1.0,1.0058209435707492e-07
27,0.99955883026123049,0.0070983031765365469,1.0,1.0035507121604799e-07
28,1.0,2.2333392593054669e-07,1.0,1.0023149362344459e-07
29,1.0,1.2720956092948655e-07,0.99970588684082029,0.0047321033163432464
30,1.0,1.3069120257114265e-07,0.99735294580459599,0.042588127339755033
31,1.0,1.3138572327875408e-07,1.0,1.0018833052072296e-07
32,1.0,1.1683011535978949e-07,1.0,1.0018833052072296e-07
33,1.0,1.0743816645231163e-07,1.0,1.0018833052072296e-07
34,1.0,1.1348684694212353e-07,0.99436273574829104,0.09066380651849025
35,1.0,1.0737919780012817e-07,1.0,1.0018833052072296e-07
