epoch,acc,loss,val_acc,val_loss
0,0.75169118046760564,0.63340687155723574,0.97885620991388955,0.55419573783874509
1,0.94691175818443296,0.46995040178298952,0.99599672953287766,0.37337634960810345
2,0.98502451777458189,0.28724128007888794,0.998660131295522,0.21070469816525778
3,0.99904413223266597,0.13374462202191353,1.0,0.086823105812072754
4,0.9999264717102051,0.070227826386690145,0.99967319965362544,0.043414356311162312
5,0.9999754905700684,0.040677684172987935,0.99877450466156004,0.016862141961852709
6,1.0,0.01540821474045515,1.0,0.011470811441540718
7,1.0,0.0066543286200612785,1.0,0.0084823825086156532
8,1.0,0.0037914709886536003,1.0,0.0029454659515370926
9,1.0,0.0020882085547782479,1.0,0.0023981081632276375
10,1.0,0.001802416518330574,1.0,0.00021484415240896244
11,1.0,0.0010310934274457395,1.0,6.4605044220418975e-05
12,1.0,0.0006748112355126068,1.0,3.0908827102393841e-05
13,1.0,0.00025574194805813024,1.0,1.3725465578318108e-05
14,1.0,0.00014107787937973627,1.0,5.9486505051609132e-06
15,1.0,0.00015128546438063494,1.0,9.3272440911581122e-07
16,1.0,5.2885078184772281e-05,1.0,1.4040665746506419e-06
17,1.0,1.5648797079848011e-05,1.0,6.6372401382371515e-07
18,1.0,1.5131492409636848e-05,1.0,3.8742902196039117e-07
19,1.0,5.9050184518127937e-06,0.99771241346995032,0.03568280955045585
20,1.0,4.2054050254591854e-06,0.99771241346995032,0.0367837211051769
21,1.0,5.0874698956704382e-06,1.0,4.3037297814407793e-07
22,0.9998529434204102,0.0023702111591092033,1.0,2.2322680592878896e-07
23,1.0,1.2216929690112011e-06,1.0,1.5439593994415191e-07
24,1.0,3.8527735455318182e-07,1.0,2.0111830849600666e-07
25,1.0,5.630030415204601e-07,1.0,1.0588843224468292e-07
26,1.0,9.634500230504273e-07,1.0,1.0041722428392556e-07
27,1.0,3.7772625489651545e-07,1.0,1.0028914469254839e-07
28,1.0,1.9979056844476873e-07,1.0,1.0020479284852021e-07
29,1.0,1.9759557190468513e-07,1.0,1.0018833052072296e-07
30,1.0,1.078216094185791e-07,1.0,1.0019119069208197e-07
31,1.0,1.0491959798741845e-07,1.0,1.0018833052072296e-07
32,1.0,1.1241702608799642e-07,1.0,1.0018833052072296e-07
33,1.0,1.1118255756059625e-07,1.0,1.001970294585893e-07
