epoch,acc,loss,val_acc,val_loss
0,0.73931372165679932,0.64370893836021426,0.97630718946456907,0.57928551435470577
1,0.94926470518112183,0.48636838495731355,0.99735294183095291,0.40772151152292885
2,0.99512253999710087,0.2818297013640404,1.0,0.22795088092486063
3,0.99090685248374943,0.15851171985268592,1.0,0.084002177913983664
4,0.99742646217346187,0.076894801855087277,1.0,0.039523962140083316
5,1.0,0.0428660636767745,1.0,0.017935718347628912
6,1.0,0.019540856126695871,1.0,0.0072385863090554869
7,1.0,0.0071610206272453066,1.0,0.004843559488654137
8,1.0,0.0040163049241527917,1.0,0.0021367253192390006
9,1.0,0.001938639592844993,1.0,0.0020951300160959364
10,1.0,0.0016384426562581211,1.0,0.00027177670369079958
11,1.0,0.00071700606495141985,1.0,0.00012460653233574702
12,1.0,0.0006014978134771809,1.0,3.9782555541023611e-05
13,1.0,0.00031684491623309443,1.0,1.5767999805878692e-05
14,1.0,0.00011354559792380315,1.0,6.8151145266407793e-06
15,1.0,0.00013382711404119618,1.0,2.5647981071112252e-06
16,0.99877450466156004,0.01215780503989663,1.0,3.143657371159255e-06
17,1.0,6.8304073829494888e-05,1.0,1.8354197284982849e-06
18,0.99691176414489746,0.030326176820108231,0.99460784594217932,0.06259843565430856
19,1.0,7.8710815796512182e-05,0.99872549374898278,0.014928028800068206
20,1.0,2.8123516131017823e-05,1.0,1.3336135877276926e-05
21,1.0,3.6016785270476251e-05,1.0,1.094469052986824e-05
