epoch,acc,loss,val_acc,val_loss
0,0.73159314393997188,0.64795628190040588,0.97651960849761965,0.59160573482513423
1,0.95117647647857662,0.49449832737445831,0.99828431606292722,0.42403502662976583
2,0.99436273574829104,0.30241201817989349,0.99411764939626057,0.25591501196225486
3,0.99916667938232417,0.15913695842027664,1.0,0.098675992588202158
4,0.99583331942558284,0.090058621764183042,1.0,0.047573508073886238
5,0.99352942109107967,0.072905713319778437,1.0,0.023977467666069667
6,1.0,0.023899959214031697,1.0,0.008117688385148843
7,1.0,0.0098758946172893044,1.0,0.0058742201887071136
8,1.0,0.0049255525460466746,1.0,0.0028964825129757323
9,1.0,0.0027423020568676294,1.0,0.0022693189481894174
10,1.0,0.0018964163027703762,1.0,0.00055989816707248494
11,1.0,0.00088160145678557451,1.0,0.00070271097938530143
12,1.0,0.00062727185722906138,1.0,0.00027827410958707332
13,1.0,0.00036045186570845547,1.0,8.6979475842478371e-05
14,1.0,0.00013390395106398499,1.0,5.7150701710876701e-05
15,1.0,0.00021838490574737078,1.0,2.1039453531557229e-05
16,1.0,0.00010518878443690482,1.0,4.0016182689820802e-06
17,1.0,3.0778294149058635e-05,1.0,1.5140222520434084e-06
18,1.0,2.1448401821544393e-05,1.0,4.8007702275754131e-07
19,1.0,8.5877406377221632e-06,1.0,9.521024878722528e-07
20,1.0,3.3275511441388515e-06,1.0,1.8025829452502271e-06
21,1.0,3.8230956533880089e-06,1.0,5.5024846119522412e-07
22,0.9968137204647064,0.044536265213741898,1.0,4.2452560554314309e-07
23,0.99656862020492554,0.039114367736874558,1.0,2.7223667605843122e-06
24,1.0,6.6465969666751338e-06,1.0,4.9404556496786732e-06
25,1.0,4.0582822066426157e-06,1.0,6.8954200590572629e-06
26,1.0,4.4594040332412991e-06,1.0,8.3466388029288894e-07
