epoch,acc,loss,val_acc,val_loss
0,0.7498774528503418,0.64349346756935122,0.98253266414006546,0.57921228011449177
1,0.95352941155433657,0.48752861917018891,0.99735293785730994,0.41970333456993103
2,0.98754901885986324,0.29465445876121521,1.0,0.2410973568757375
3,0.99965686798095699,0.14341304451227188,1.0,0.091981340448061624
4,0.9999754905700684,0.081722673028707504,1.0,0.046558545033137007
5,1.0,0.054174442216753958,1.0,0.019983341917395592
6,1.0,0.020739574171602725,1.0,0.0075291327511270842
7,1.0,0.0068848971743136643,1.0,0.006255216710269451
8,1.0,0.0041065783007070422,1.0,0.0031383992327998081
9,1.0,0.0023844623588956892,1.0,0.0025256734030942121
10,1.0,0.0024963031406514346,1.0,0.001153504600127538
11,1.0,0.0011498882551677525,1.0,0.0001179192891868297
12,1.0,0.00067179614561609926,1.0,3.0266018923915303e-05
13,1.0,0.00032937048963503911,1.0,1.4811675525076377e-05
14,1.0,0.00012229613748786504,1.0,7.3054824497376106e-06
15,1.0,0.00019329565620864741,1.0,1.5817345608108251e-06
16,1.0,9.000130994536448e-05,1.0,1.4377267461895825e-06
17,1.0,2.2188442926562857e-05,1.0,4.5421798139007782e-07
18,1.0,1.8920743195849353e-05,1.0,2.4703080896415487e-07
19,0.99852941036224363,0.022113360498178736,1.0,3.6957000399221821e-07
20,0.98897059559822087,0.12957385927438736,1.0,1.2468883141991682e-05
21,0.9977941155433655,0.01966187743237242,1.0,3.3267847538809295e-05
22,0.9977941155433655,0.019781753898496391,1.0,7.6485461128565166e-05
