epoch,acc,loss,val_acc,val_loss
0,0.73583332896232601,0.64547809362411501,0.97647060553232834,0.58301002184549966
1,0.95365194678306575,0.48580412864685057,0.99960784117380774,0.40351869861284889
2,0.99566175341606145,0.27851232588291169,1.0,0.22393022278944652
3,0.99975490570068359,0.1439390629529953,1.0,0.083717960615952811
4,0.9999754905700684,0.077572130411863324,1.0,0.048101546615362166
5,1.0,0.04470414035022259,1.0,0.013128204643726349
6,1.0,0.019930622633546592,1.0,0.0065827261656522754
7,1.0,0.007754802796989679,1.0,0.0049908233496050039
8,1.0,0.0036941819125786424,1.0,0.0034194624284282328
9,1.0,0.0026736421743407844,1.0,0.0010499207419343293
10,1.0,0.0016803118633106351,1.0,0.00080948029256736238
11,1.0,0.00086497940355911851,1.0,0.0001045111654093489
12,1.0,0.00069464493717532607,1.0,4.647098661128742e-05
13,1.0,0.00021658268960891291,1.0,2.438782272899213e-05
14,1.0,9.0366039512446153e-05,1.0,1.4799764964360898e-05
15,1.0,0.00014452062750933692,1.0,5.0931272198795338e-06
16,1.0,9.079401825147215e-05,1.0,1.8163887186043818e-06
17,1.0,2.1380889711508645e-05,1.0,8.5822872885425265e-07
18,1.0,1.8360066178502166e-05,1.0,4.1907417198672191e-07
19,1.0,6.3280268932430775e-06,1.0,2.6070494338152152e-07
20,1.0,4.2941939341289977e-06,1.0,1.6857870074697227e-07
21,0.99742646217346187,0.039576466882965636,1.0,7.5409503968633842e-07
22,0.99289215207099912,0.087622446715249686,1.0,4.8754184717836322e-06
23,1.0,2.8693902004306436e-05,1.0,3.7158073610044084e-06
24,1.0,1.2506165649028845e-05,1.0,8.4062309421521295e-06
