epoch,acc,loss,val_acc,val_loss
0,0.72071078121662135,0.64355767369270322,0.96436273654301963,0.57677603960037227
1,0.94416667819023137,0.48393037915229797,0.99619280497233076,0.41081119974454244
2,0.99188722968101506,0.28876811712980271,1.0,0.23971873025099436
3,0.99914216995239258,0.15401020646095276,1.0,0.091526039441426593
4,1.0,0.081542814895510671,1.0,0.047643441210190457
5,0.9999754905700684,0.050568984448909761,1.0,0.014852070435881614
6,1.0,0.01935112550854683,1.0,0.010117737514277299
7,1.0,0.0090345496777445074,1.0,0.0063481662111977734
8,1.0,0.0048749343492090706,1.0,0.0027646820060908796
9,1.0,0.002897903020493686,1.0,0.0018148517701774836
10,1.0,0.001712625555228442,1.0,0.0011175787289782117
11,1.0,0.00096159970853477712,1.0,0.00011253105525004988
12,1.0,0.00070201924536377196,1.0,4.1129516951817398e-05
13,1.0,0.000271851837169379,1.0,2.4255456931617422e-05
14,1.0,0.00015929185319691898,1.0,1.1354571809836973e-05
15,1.0,0.0002566051589383278,1.0,2.7075942853116429e-06
16,0.99669116735458374,0.030842285248581902,1.0,5.163623942886867e-06
17,0.9998774528503418,0.00085597551296814347,1.0,3.1449273592443207e-06
18,1.0,0.00012239497555128765,1.0,1.6242919552193294e-06
19,1.0,2.7589607361733216e-05,1.0,1.2208759926579661e-06
20,1.0,1.0885085521294968e-05,1.0,1.3094190118560316e-06
21,1.0,2.1014593676227379e-05,1.0,1.4556081358326385e-06
22,1.0,4.413433762238128e-05,1.0,7.2713916097200129e-07
23,1.0,2.0092934596505076e-05,1.0,5.156725440732165e-07
24,1.0,1.7922644133250287e-06,1.0,5.1081281071674312e-07
25,1.0,2.171998374933537e-06,1.0,4.0141054569176049e-07
26,1.0,2.2953378902457191e-06,1.0,3.6853885679496067e-07
27,1.0,8.6101083411449515e-06,1.0,1.783926270112109e-07
28,1.0,5.7595522804376742e-06,1.0,1.3611796134682663e-07
29,1.0,2.3893036171784843e-07,1.0,1.6758479451558135e-07
30,1.0,3.296363317417672e-07,1.0,1.336628391375901e-07
31,1.0,1.8941319694931736e-07,1.0,1.1060008328437713e-07
32,1.0,1.7550251811826457e-07,1.0,1.4195265407579427e-07
33,1.0,1.7605303739287593e-07,1.0,1.3739771939450899e-07
34,1.0,2.1289497738052886e-07,1.0,1.4899270818583926e-07
35,1.0,1.5700864537393499e-07,1.0,1.42641077142495e-07
