epoch,acc,loss,val_acc,val_loss
0,0.99019604921340942,0.051234757155179979,0.98799018462498978,0.058061820516983671
1,0.99019604921340942,0.041965942084789279,0.99006533225377402,0.039087206870317456
2,0.9906127274036407,0.027559658512473106,0.99019604921340942,0.024602438509464263
3,0.99453428983688352,0.014648886583745479,0.99779412746429441,0.0070805334486067299
4,0.99791668653488164,0.0072134598158299923,1.0,0.0031492586868504683
5,0.99786763191223149,0.011372375790961087,1.0,0.00073048537209009128
6,0.99977941513061519,0.0021311906166374683,1.0,0.00037740049301646648
7,1.0,0.0006178231327794492,1.0,0.0003229004767490551
8,0.99911764860153196,0.0084336165280546986,1.0,0.00032567760790698231
9,0.98928921818733218,0.071834431588649744,1.0,0.0027602336059014002
10,0.99642157554626465,0.020114490203559397,1.0,0.0029799947437519829
11,0.99990196228027339,0.0020412635640241206,1.0,0.00033127718876736859
