epoch,acc,loss,val_acc,val_loss
0,0.72629899978637691,0.64588211774826054,0.96316993236541748,0.57546010812123616
1,0.94580884575843815,0.47720500230789187,0.99558823903401694,0.39812189539273579
2,0.99274507761001585,0.27350996136665345,1.0,0.22320720156033833
3,0.99953432083129878,0.14554861858487128,1.0,0.082333266238371533
4,1.0,0.072286900505423551,1.0,0.043807087838649748
5,1.0,0.040243683382868767,1.0,0.015724827535450459
6,1.0,0.017868381552398206,1.0,0.0074668453695873422
7,1.0,0.0078847500961273902,1.0,0.0050780330784618855
8,1.0,0.0040773290675133467,1.0,0.0023176259361207484
9,1.0,0.0026897110044956209,1.0,0.0015642989349241058
10,1.0,0.0016125556430779397,1.0,0.00048485357353153329
11,1.0,0.00076875316735822705,1.0,9.0187729316918797e-05
12,1.0,0.00051795620820485058,1.0,3.965923679061234e-05
13,1.0,0.00026982171839335934,1.0,2.4228449304549335e-05
14,1.0,0.00013001808110857382,1.0,1.2537767118677341e-05
15,1.0,0.00010727754961408209,1.0,5.9507138151578449e-06
16,0.99595586657524104,0.042906806032624444,1.0,1.4358914874416466e-05
17,0.99963235855102539,0.0032222489153355127,1.0,8.1137503002537421e-06
18,1.0,0.00010843885593203595,1.0,5.3463907837188645e-06
19,1.0,6.7335878520680131e-05,1.0,4.0767873239625864e-06
20,1.0,2.9740404079348083e-05,1.0,7.6136890735748848e-06
21,1.0,4.102898601558991e-05,1.0,5.4227681782019017e-06
22,1.0,2.7633254376269178e-05,1.0,3.676395620762681e-06
23,1.0,3.3027658810169668e-05,1.0,2.5553313056055535e-06
24,1.0,6.8061762704019204e-06,1.0,2.8512009672946685e-06
25,1.0,5.4422852940660963e-06,1.0,2.0481609226408182e-06
26,1.0,6.7426842633722117e-06,1.0,1.1485240368832214e-06
27,1.0,6.8787524241997747e-06,1.0,1.3239658755992423e-06
28,1.0,4.5277626497863824e-06,1.0,4.4060187936641645e-07
29,1.0,9.5177145169600404e-07,1.0,6.0048956053530369e-07
30,1.0,2.8547364792075316e-07,1.0,3.8381230448673402e-07
31,1.0,4.3644170517609381e-07,1.0,1.6282254099072208e-07
32,1.0,2.118745769053021e-07,1.0,3.0438975310668564e-07
33,1.0,2.8437104049316986e-07,1.0,2.4780978170232022e-07
34,1.0,1.8811499842286138e-07,1.0,1.9931708360824512e-07
35,1.0,1.506154220010103e-07,1.0,2.0663032576824965e-07
