epoch,acc,loss,val_acc,val_loss
0,0.99019604921340942,0.050322402641177176,0.99019604921340942,0.045746843765179318
1,0.99019604921340942,0.041034584119915965,0.98999997377395632,0.036110903322696689
2,0.99073528051376347,0.025924253836274148,0.99019604921340942,0.019967605421940485
3,0.99620096683502202,0.010547198913991451,0.99937909444173179,0.0052719790488481525
4,0.99877451658248906,0.005124757741577923,1.0,0.0019545296595121424
5,0.99977941513061519,0.0022620991803705692,1.0,0.00025597656397925071
6,1.0,0.00064750975434435531,1.0,0.00016845629434101284
7,0.9999754905700684,0.00031407661590492352,1.0,0.00014648863095014045
8,1.0,0.00016396905557485296,1.0,5.2486884184569743e-05
9,1.0,0.00012676772894337773,1.0,2.9332689276391951e-05
10,1.0,7.2695217386353758e-05,1.0,6.2900976445234846e-06
11,1.0,4.5594763469125611e-05,1.0,1.032170949126036e-06
12,1.0,4.071213716088096e-05,1.0,2.7156524140536931e-07
13,1.0,1.0950475507343072e-05,1.0,1.746373442301774e-07
14,1.0,4.526900556811597e-06,1.0,1.6977831478470763e-07
15,1.0,1.098926630902497e-05,1.0,1.2364040458123782e-07
16,1.0,7.114851220535456e-06,1.0,1.0693574618395966e-07
17,1.0,1.1433246342562598e-06,1.0,1.0186544727730506e-07
18,1.0,9.3842081412276461e-07,1.0,1.0097137419506907e-07
19,1.0,4.5558674628409789e-07,1.0,1.0044934034188676e-07
20,1.0,4.2057294109554276e-07,1.0,1.0087494691409422e-07
21,1.0,5.805218691534719e-07,1.0,1.0316077947436497e-07
22,1.0,8.7195520563909663e-07,1.0,1.0119928314603991e-07
23,1.0,1.4559140950609618e-07,1.0,1.005798514105057e-07
