epoch,acc,loss,val_acc,val_loss
0,0.75409313440322878,0.64037975668907166,0.96784314314524333,0.57641633749008181
1,0.95507352352142338,0.47649789750576022,0.99754901727040612,0.39617239435513812
2,0.99485294222831722,0.28647588491439818,1.0,0.22386261820793152
3,0.99960784912109379,0.15172426998615265,1.0,0.08938026080528895
4,1.0,0.075990214943885803,1.0,0.044884114215771355
5,1.0,0.045763326808810234,1.0,0.011859906092286109
6,1.0,0.018323180358856918,1.0,0.010335454686234395
7,1.0,0.0082230803556740291,1.0,0.0081156109459698204
8,1.0,0.0043823899002745749,1.0,0.0028790180571377278
9,1.0,0.0026014257222414018,1.0,0.0020108363823965192
10,1.0,0.0017902340274304151,1.0,0.00064291526020194092
11,1.0,0.0010123011190444231,1.0,8.0214837604823216e-05
12,1.0,0.00059962175728287546,1.0,5.1562953376560469e-05
13,1.0,0.00025748245898284952,1.0,2.787080047710333e-05
14,1.0,0.00011953505199926439,1.0,1.3865228053570415e-05
15,1.0,0.00016712791766622105,1.0,3.0894261423478991e-06
16,1.0,7.5295729038771236e-05,0.99321893850962317,0.097510075470017915
17,1.0,1.9973564485553651e-05,1.0,9.3512283380429535e-07
18,1.0,1.3761689615421346e-05,0.99166667064030967,0.12426851501345861
19,1.0,7.1985103659244484e-06,1.0,3.0528153350436089e-07
20,1.0,2.7805403192360246e-06,1.0,4.7404234730189881e-07
21,1.0,3.8397571415771381e-06,1.0,7.2486582212150099e-07
22,0.99852941036224363,0.019661593615785476,1.0,9.4023293020957981e-07
23,0.99669116735458374,0.044397091124483271,1.0,1.2088407440084362e-06
