epoch,acc,loss,val_acc,val_loss
0,0.72419117689132695,0.65148958563804626,0.97294116814931231,0.59427183866500854
1,0.94749998450279238,0.49370657205581664,0.99364379247029622,0.440357514222463
2,0.99500000476837158,0.29413631856441497,1.0,0.25527089933554331
3,0.99833333492279053,0.15836205184459687,1.0,0.087545411288738245
4,0.9903431236743927,0.10405113026499749,1.0,0.048931130021810529
5,0.9944852888584137,0.069951311498880384,1.0,0.025883869702617326
6,1.0,0.027985813748091459,1.0,0.0069467855306963129
7,1.0,0.008806984685361386,1.0,0.0046010751898090041
8,1.0,0.0051073928130790595,1.0,0.0029811465802292028
9,1.0,0.002412191196344793,1.0,0.0010766233899630606
10,1.0,0.0017966274055652321,1.0,0.00055254420343165593
11,1.0,0.00072499194648116831,1.0,0.00021835170434011768
12,1.0,0.00065399973827879872,1.0,0.00024360516739155476
13,1.0,0.00024222471547545864,1.0,7.5639253918780017e-05
14,1.0,0.00016146527414093726,1.0,5.5228783943069477e-05
15,1.0,0.00020437369093997403,1.0,2.423014054026377e-05
16,0.99911764860153196,0.010406691449315986,1.0,1.4120747315852593e-05
17,1.0,6.997610980761238e-05,1.0,1.8487291375398248e-06
18,1.0,4.4627580064116049e-05,1.0,1.2259671408780075e-05
19,1.0,3.5766490327659994e-05,1.0,9.8856358818011355e-06
20,1.0,7.3027650387302858e-06,1.0,1.1101832569693214e-06
21,1.0,1.3354847214941402e-05,1.0,4.1935435547202363e-06
22,1.0,9.7702052244130755e-06,1.0,1.7203228878770461e-06
23,1.0,1.1663827262964332e-05,1.0,1.4861040066686353e-07
24,1.0,2.1954548230951333e-06,1.0,1.390756258009181e-07
25,1.0,1.2163099881945528e-06,1.0,2.9465160290934969e-07
26,1.0,1.2366706357624934e-06,1.0,1.2362216068595443e-07
27,1.0,2.1237946299379473e-06,1.0,1.052746659032285e-07
28,1.0,2.7319880132381512e-06,1.0,1.0173183350540663e-07
29,1.0,3.8643029398599538e-07,1.0,1.1642847918362046e-07
30,1.0,2.0256319999134575e-07,1.0,1.0146123135731008e-07
31,1.0,1.322814561888208e-07,1.0,1.130138599592101e-07
32,1.0,2.3936292521398171e-07,1.0,1.0093230571328604e-07
33,1.0,1.3516371524247007e-07,1.0,1.0333638490086136e-07
34,1.0,1.1702736770757838e-07,1.0,1.0253857567477098e-07
35,1.0,1.2092709340549844e-07,1.0,1.1056094422201568e-07
36,1.0,1.2265601938565852e-07,1.0,1.11022384885473e-07
