epoch,acc,loss,val_acc,val_loss
0,0.99019604921340942,0.051603883132338525,0.98980389833450322,0.049250573168198267
1,0.99019604921340942,0.041060500591993329,0.99013069073359172,0.037303902705510456
2,0.9905391991138458,0.025707023590803145,0.99019604921340942,0.020717288802067437
3,0.99664216041564946,0.0096449103672057394,0.99962418874104819,0.0045540082268416878
4,0.99938726425170898,0.0037672318983823063,1.0,0.0016414800425991415
5,0.99975490570068359,0.0024553895927965641,1.0,0.00028716984961647541
6,1.0,0.00063078343227971343,1.0,0.00012512278747938883
7,1.0,0.00020293404595577157,1.0,0.00013282473955769091
8,1.0,0.00014661868553957901,1.0,5.1426891392717762e-05
9,1.0,4.8255130968755112e-05,1.0,4.1155533472192475e-05
10,1.0,7.5768118222185876e-05,1.0,1.2660374401699907e-05
11,1.0,4.8695583518565397e-05,1.0,1.1843718993986841e-06
12,1.0,1.8964959144796013e-05,1.0,5.3053665093708939e-07
13,1.0,8.7756842503949883e-06,1.0,2.9826878176208995e-07
14,1.0,6.090902138566889e-06,1.0,1.5884281481248764e-07
15,1.0,6.2225485862654754e-06,1.0,1.0990582287225455e-07
16,1.0,4.2488906899507128e-06,1.0,1.0526090269043683e-07
17,1.0,1.0660910533033529e-06,1.0,1.0304196157070086e-07
18,1.0,4.3879867320129053e-06,1.0,1.0083307794654198e-07
19,1.0,1.0699381562062627e-06,0.99647058645884201,0.056784135912532938
20,1.0,2.3505413508928542e-07,0.99794117609659827,0.033124121558980354
21,1.0,2.6921679747715642e-07,1.0,1.0077269318268614e-07
22,1.0,2.691939343435479e-07,1.0,1.0041233148664712e-07
23,1.0,1.800551636677028e-07,1.0,1.0019612185866814e-07
24,1.0,1.4310487799207295e-07,1.0,1.0152066967824188e-07
25,1.0,1.9169169647170746e-07,1.0,1.0018833052072296e-07
26,1.0,1.3364021071993194e-07,1.0,1.0032857460373634e-07
27,1.0,1.3125468854013888e-07,1.0,1.0061686642378239e-07
28,1.0,1.1418372878324589e-07,1.0,1.006558212187277e-07
29,1.0,1.0517198703041686e-07,1.0,1.0018833052072296e-07
