epoch,acc,loss,val_acc,val_loss
0,0.98688725233078001,0.068696366995573049,0.98985291719436641,0.051801205178101856
1,0.99019604921340942,0.047529320418834689,0.98978755076726277,0.045501527935266496
2,0.99019604921340942,0.038163165748119357,0.98993461529413862,0.034350468466679253
3,0.99093134999275212,0.024098524823784828,0.99362742900848389,0.015588503703474999
4,0.99573527574539189,0.011585999885573984,0.99276142915089927,0.038850562771161397
5,0.99887256622314458,0.0056284138932824138,1.0,0.0011992241333549222
6,0.99990196228027339,0.0018849126412533224,1.0,0.00058444391276376944
7,1.0,0.00071139623178169127,1.0,0.00044737877324223517
8,1.0,0.00042353444587206468,1.0,9.7907454134353125e-05
9,1.0,0.00019710898195626214,1.0,7.1677032732016721e-05
10,1.0,0.00017704700694594068,1.0,1.5467140777521611e-05
11,1.0,6.7834320725523872e-05,1.0,3.8439809486590093e-06
12,1.0,5.254215830063913e-05,1.0,1.0861705201629472e-06
13,1.0,2.4658993515913609e-05,1.0,4.2066264806332279e-07
14,1.0,2.0753825106112343e-05,1.0,2.6946165595139365e-07
15,1.0,1.804568832994846e-05,1.0,1.8135156570527519e-07
16,0.99911764860153196,0.011730852097252864,1.0,2.8789203554424603e-07
17,1.0,9.245718661077263e-06,1.0,1.6603790129465778e-07
18,1.0,8.3494628484004359e-06,1.0,1.4029783415026032e-07
19,1.0,1.1027941013708187e-05,1.0,1.2135840563587407e-07
20,1.0,3.5478815732403747e-06,1.0,1.1565036999172662e-07
21,1.0,9.1629276539606508e-06,1.0,1.8567643564892932e-07
22,0.99852941036224363,0.022014187732884237,1.0,5.8442155174513266e-07
23,1.0,1.2496551971707958e-05,1.0,4.7562502345499526e-07
24,1.0,5.3825589020561889e-06,0.99823529322942095,0.026785458761082737
