epoch,acc,loss,val_acc,val_loss
0,0.99019604921340942,0.046035002544522287,0.99019604921340942,0.020854041104515393
1,0.99850491285324094,0.0044736330397427086,0.99950981140136719,0.0052441131134401079
2,0.9999754905700684,0.00034289386821910738,0.99852941036224363,0.020265103331560872
3,1.0,0.00014107521037658443,1.0,6.5301563646850505e-07
4,1.0,3.9074075903045011e-05,1.0,4.6218167426559376e-07
5,0.99698528051376345,0.036446351134657107,1.0,0.00022183026012498886
6,0.99977941513061519,0.0023301188932236981,1.0,4.9334175370555994e-05
7,1.0,0.0002010444719417137,1.0,4.8534822781221011e-06
8,1.0,7.2915542523332982e-05,1.0,5.5102440796872545e-07
