epoch,acc,loss,val_acc,val_loss
0,0.74924020171165462,0.64718656539916997,0.95962417125701904,0.59157867431640621
1,0.95247548818588257,0.4910001218318939,0.99821895360946655,0.42209528088569642
2,0.99274509549140932,0.29809052050113677,1.0,0.24339580635229746
3,0.99926471710205078,0.15144192278385163,1.0,0.082797649006048843
4,0.9998774528503418,0.07182435505092144,1.0,0.042489124834537505
5,0.9977941155433655,0.051858587190508842,1.0,0.01978699682901303
6,1.0,0.022969556972384453,1.0,0.0076765795238316059
7,1.0,0.0071658447850495577,1.0,0.0053316282108426096
8,1.0,0.0041041400749236342,1.0,0.0025554002883533635
9,1.0,0.0022360185161232949,1.0,0.001479155981602768
10,1.0,0.0016008039237931371,1.0,0.00088580094549494488
11,1.0,0.00077433359110727911,1.0,8.740434714127332e-05
12,0.99338235259056096,0.04312170794000849,1.0,0.00038963469948309165
13,0.99191176891326904,0.044295691512525083,1.0,0.0010017003553609053
14,1.0,0.0023120210622437297,1.0,0.00047708569909445944
15,1.0,0.001811516983434558,1.0,0.00020558194373734295
