epoch,acc,loss,val_acc,val_loss
0,0.72997550368309017,0.65038223266601558,0.97519607543945308,0.59046750466028852
1,0.9457352817058563,0.50293363928794865,0.99666666189829511,0.4180332104365031
2,0.99487745761871338,0.30259241163730621,0.99970587889353435,0.23886045416196186
3,0.999730396270752,0.16314644142985343,1.0,0.098502613107363385
4,1.0,0.086162159219384193,1.0,0.053884378075599669
5,1.0,0.04715799652040005,0.99941176573435464,0.017548624488214652
6,1.0,0.018451861198991538,1.0,0.0088021848971645035
7,1.0,0.0089866742491722107,1.0,0.0066956864359478153
8,1.0,0.004367888416163623,1.0,0.0028043358741949003
9,1.0,0.0030296263983473183,1.0,0.0015908045771842203
10,1.0,0.0018139935447834433,1.0,0.00051883986452594399
11,1.0,0.0010070613294374197,1.0,0.00012756786163663491
12,1.0,0.00063475221395492554,1.0,3.3453026602122313e-05
13,1.0,0.0002822620634105988,1.0,2.1302184904925525e-05
14,1.0,0.0001009612504276447,1.0,1.1913663608235462e-05
15,1.0,0.00011646137209027074,1.0,5.5036370213201739e-06
16,0.99691176414489746,0.028621667753395742,1.0,8.8032816771980528e-06
17,1.0,5.0251305583515202e-05,1.0,4.0050075767794627e-06
18,1.0,8.9626978297019375e-05,1.0,2.0456771987179915e-06
19,0.99642155766487117,0.039392189019235954,1.0,2.1038729270609715e-05
20,0.98227940797805791,0.13329672589898109,1.0,0.00058492993703112011
21,0.99433823823928835,0.030912257079035044,1.0,0.00089105317213883004
22,1.0,0.0018402556306682527,1.0,0.00062822171021252875
