epoch,acc,loss,val_acc,val_loss
0,0.760024505853653,0.63272671103477474,0.96640523672103884,0.55046323140462239
1,0.958725494146347,0.45469075143337251,0.99990196228027339,0.37290627559026085
2,0.99588233828544614,0.25842000693082812,1.0,0.20364971856276196
3,0.99968137741088869,0.12026982679963112,1.0,0.077442870040734607
4,1.0,0.0675218541175127,1.0,0.03930238038301468
5,1.0,0.040072049200534823,1.0,0.01331232227385044
6,1.0,0.014354444388300181,1.0,0.0055729027527074019
7,1.0,0.0057491376297548417,1.0,0.0048644494575758772
8,1.0,0.0035294897621497511,0.9935457428296407,0.045537320586542286
