epoch,acc,loss,val_acc,val_loss
0,0.71291665434837337,0.65213223099708562,0.96290850639343262,0.59470714728037521
1,0.93644608259201045,0.51071316301822667,0.998006530602773,0.4328612228234609
2,0.99191175699234013,0.3166682183742523,0.99970587889353435,0.24704395631949108
3,0.99924020767211919,0.16375622451305388,1.0,0.093016668160756433
4,0.9998774528503418,0.087640156969428062,1.0,0.055767347415288292
5,0.99730390310287476,0.060666867345571515,1.0,0.020712114249666531
6,0.99963235855102539,0.022290325257927179,1.0,0.0091523778314391777
7,1.0,0.009549043700098991,1.0,0.0064007448963820934
8,1.0,0.0047571798553690311,1.0,0.0022886144462972878
9,1.0,0.0028581067803315819,1.0,0.0017079097994913658
10,1.0,0.0024277984513901172,1.0,0.00032968908975211284
11,1.0,0.00091195860877633093,1.0,0.00012751457203800479
12,0.99191176891326904,0.052999951969832183,1.0,0.00067188597749918695
13,0.99338235259056096,0.034877763316035273,1.0,0.00085539399102951092
14,1.0,0.0019299757783301174,1.0,0.0005486190901137888
15,1.0,0.0018529294873587787,1.0,0.00026065189255556714
