epoch,acc,loss,val_acc,val_loss
0,0.74598038792610166,0.64158574938774104,0.96638889312744136,0.56938139994939163
1,0.95500000119209294,0.47458145320415496,0.99872548977533981,0.39114126364390056
2,0.99639706015586849,0.27623429298400881,0.99970587889353435,0.21920673350493114
3,0.99970588684082029,0.14016637578606606,1.0,0.087284258504708612
4,1.0,0.0774074736982584,1.0,0.049816669523715974
5,1.0,0.045430322363972667,1.0,0.016395099647343158
6,1.0,0.016246008127927779,1.0,0.0069880373155077301
7,1.0,0.0078528096433728937,1.0,0.0058217930607497694
8,1.0,0.0047561891144141553,1.0,0.0023144213482737541
9,1.0,0.0027792745037004351,1.0,0.0012752534433578451
10,1.0,0.002102708537131548,1.0,0.00058639979882476234
11,1.0,0.0010190807020990177,1.0,0.00010029139763598019
12,1.0,0.00053224715520627797,1.0,3.5809700784739106e-05
13,1.0,0.00024279531789943575,1.0,1.539047395150798e-05
14,1.0,0.00012346911680651828,1.0,9.9718266331668328e-06
15,1.0,0.00016344988580385689,1.0,3.6424491706081124e-06
16,1.0,7.3295023321406921e-05,1.0,1.0660343680986747e-06
17,1.0,2.073063997158897e-05,1.0,5.8946800057431872e-07
18,1.0,2.5334738802484934e-05,1.0,2.4874936836264777e-07
19,1.0,4.6215069914978811e-06,0.99990196228027339,0.0015775142653239981
20,1.0,2.8442039081255642e-06,0.99225490490595503,0.12300012679673576
21,0.99656862020492554,0.042651057308421517,1.0,3.4682922432693885e-06
22,0.99301469922065733,0.073256950383802172,1.0,1.6629287044149046e-05
