epoch,acc,loss,val_acc,val_loss
0,0.7538970410823822,0.63552698493003845,0.99259801705678308,0.55619116624196374
1,0.9609558761119843,0.46357174217700958,0.99950980345408125,0.36673652927080791
2,0.99705882072448726,0.2573189616203308,0.99983660380045569,0.20401963492234548
3,0.9999509811401367,0.13035610914230347,1.0,0.075677164892355597
4,1.0,0.068690568581223493,0.99794117609659827,0.04812750493486722
5,1.0,0.037682653404772282,1.0,0.010206278786063195
6,1.0,0.016551458928734063,1.0,0.0078713255623976391
7,1.0,0.0060131807811558248,1.0,0.0063139992455641426
8,1.0,0.0032880709972232581,1.0,0.0023260441919167834
9,1.0,0.0020783515530638395,1.0,0.0019175626647969088
10,1.0,0.0016813888214528561,1.0,0.00020522652290916692
11,1.0,0.00097736844618339096,1.0,5.8075277047464623e-05
12,1.0,0.00058423051377758388,1.0,2.508903999114409e-05
13,1.0,0.00028355755930533635,1.0,1.1536157580849249e-05
14,1.0,0.00011108634789707139,1.0,5.0659645694395296e-06
15,0.9998529434204102,0.0017861310356238392,1.0,1.9143795877122709e-06
16,1.0,6.7850120467483071e-05,1.0,1.1545093760408539e-06
17,1.0,2.8796418382626145e-05,1.0,6.2030416453732571e-07
18,1.0,1.4379474714587559e-05,1.0,3.4302727272006448e-07
19,1.0,7.6591693868977024e-06,1.0,2.2876150467254775e-07
20,1.0,3.9800612285034728e-06,1.0,4.8818621299536367e-07
21,1.0,4.4240534634809588e-06,1.0,3.7557341935704851e-07
22,1.0,2.455362164255348e-06,1.0,2.2486195329444552e-07
23,1.0,1.6946084400615291e-06,1.0,1.2501918907522244e-07
24,1.0,4.9449467098838795e-07,1.0,2.5102052632064441e-07
25,1.0,1.0264646050472948e-06,1.0,1.6021054705106508e-07
26,1.0,9.3829844445281201e-07,1.0,1.3194388088777486e-07
27,1.0,3.1359855228174639e-07,1.0,1.5686135270698288e-07
