epoch,acc,loss,val_acc,val_loss
0,0.73973038792610168,0.64222182631492619,0.97625817855199182,0.57056441307067873
1,0.95357842445373531,0.4658976376056671,0.99880718787511191,0.39725283980369569
2,0.99485294222831722,0.26283072978258132,1.0,0.2204982300599416
3,0.99941177368164058,0.14064110666513444,1.0,0.079240951935450235
4,0.9999754905700684,0.068470304459333414,0.999346399307251,0.047477545340855916
5,1.0,0.040913463383913037,1.0,0.012483415752649307
6,1.0,0.019547854363918305,1.0,0.0082024538889527328
7,1.0,0.0074136008974164721,1.0,0.0049586328522612652
8,1.0,0.0035940912319347264,1.0,0.0018168245054160554
9,1.0,0.0028154088999144734,1.0,0.0018295053935920198
10,1.0,0.0015246757422573865,1.0,0.00038717936840839686
11,1.0,0.00073848362953867765,1.0,0.00010813067541069662
12,1.0,0.00047520362713839861,1.0,4.9464040057500827e-05
13,1.0,0.00024508150891051629,1.0,2.6318268646718933e-05
14,1.0,0.00011036172472813632,1.0,1.8469872096223601e-05
15,0.99583333134651186,0.037726853029744233,1.0,3.6241382743658809e-05
16,0.99235293865203855,0.057206567097455266,1.0,4.5231604356861981e-05
17,1.0,0.0007323842422920279,1.0,2.2285579446664391e-05
18,1.0,0.0005370329665311147,1.0,1.233437075522185e-05
19,1.0,0.00032439659407828002,1.0,7.9210389230865989e-06
20,1.0,3.8505674456246195e-05,1.0,2.2161884832409365e-05
21,1.0,6.9074411294423049e-05,1.0,2.4185364721536948e-05
22,1.0,0.00011538860599102918,1.0,1.474824124064374e-05
23,1.0,0.00011193734462722205,1.0,3.3034696267956557e-06
24,1.0,9.7702824859879904e-06,1.0,2.946883114418597e-06
25,1.0,7.4341925937915223e-06,1.0,2.1530772755795624e-06
26,1.0,1.0372517726864316e-05,1.0,1.3658334713303097e-06
27,1.0,1.1115568941022503e-05,1.0,6.520586566693964e-07
28,1.0,1.3644359478348634e-05,1.0,3.0497126601858326e-07
29,1.0,8.0584716073417444e-07,1.0,9.021699005036983e-07
30,1.0,2.9625767581364928e-07,1.0,1.1270456582224141e-06
31,1.0,3.7633128044944899e-07,1.0,1.3551455613954506e-07
32,1.0,2.6106136061798681e-07,1.0,6.7864740079433738e-07
33,1.0,1.9629440615176463e-07,1.0,5.0543956907252627e-07
34,1.0,1.6253658259302027e-07,1.0,1.7112605045592016e-07
35,1.0,1.414633231888729e-07,1.0,1.560317845890798e-07
