epoch,acc,loss,val_acc,val_loss
0,0.99053919315338135,0.042618068307638167,0.99366011222203576,0.011657063104212283
1,0.99919117689132686,0.0031672475452069193,0.99918300310770669,0.0079925894892464086
2,1.0,0.00023445202350558247,1.0,9.3999304832929439e-06
3,1.0,0.00013853557702532272,1.0,9.2941226246997153e-07
4,1.0,4.8397613682027441e-05,1.0,2.8224427524037309e-07
5,0.99911764860153196,0.013256272907892708,1.0,3.0853386855748492e-07
6,1.0,6.7396108033790372e-05,1.0,1.674958288807223e-07
7,1.0,2.4016935981308052e-05,1.0,1.3849634304582043e-07
8,1.0,1.4914523816855763e-05,1.0,1.045532106521326e-07
9,1.0,1.1322303200245187e-05,1.0,1.0078525699933986e-07
10,1.0,3.7077401543683664e-06,1.0,1.0018833052072296e-07
11,1.0,7.0842136921100975e-07,1.0,1.0018833052072296e-07
12,1.0,1.1600582908499745e-06,1.0,1.0018833052072296e-07
13,1.0,3.552295984832199e-06,1.0,1.0018833052072296e-07
14,1.0,6.1806091764537998e-07,1.0,1.0018833052072296e-07
