epoch,acc,loss,val_acc,val_loss
0,0.74617646932601933,0.64176077842712398,0.97635620037714643,0.57396071354548139
1,0.96019609570503239,0.46061349809169772,0.99485293626785276,0.40470652778943378
2,0.99664214849472044,0.25949689298868178,0.99942810535430904,0.22119100292523702
3,0.99958333969116209,0.13117868304252625,1.0,0.074560328821341199
4,1.0,0.066253566741943354,1.0,0.04126820837457975
5,1.0,0.042846967279911038,1.0,0.019374136750896772
6,1.0,0.021909431740641593,1.0,0.0060280883995195234
7,1.0,0.0076683670748025181,1.0,0.0049616167011360323
8,1.0,0.0040199610171839598,1.0,0.0018406488777448734
9,1.0,0.0025001338217407465,1.0,0.0011054581535669664
10,1.0,0.001571053231600672,1.0,0.00086387887519473829
11,1.0,0.001034245517803356,1.0,0.00012311306442522134
12,1.0,0.00043812583899125455,1.0,5.2463290679346149e-05
13,1.0,0.00025262033159378916,1.0,2.748446216476926e-05
14,0.99465687274932857,0.056310734576982213,1.0,9.5627684883462888e-05
15,0.99558823704719546,0.039417540637077766,1.0,0.00011684659499830255
16,1.0,0.0007273012393852696,0.99900326728820799,0.0087475274650690455
17,1.0,0.00029502565012080596,0.99771241346995032,0.020077952809030346
