epoch,acc,loss,val_acc,val_loss
0,0.7301960706710815,0.6402712404727936,0.96828429698944096,0.57464919884999588
1,0.95058823227882383,0.48387026488780976,0.99751633803049722,0.40897295673688255
2,0.9936519503593445,0.29088857024908066,1.0,0.23558201591173808
3,0.99946079254150388,0.14957316145300864,1.0,0.09941778182983399
4,1.0,0.077076572924852371,1.0,0.051647857576608655
5,1.0,0.049272774532437322,1.0,0.011404681019484997
6,1.0,0.016484769620001317,1.0,0.011253029108047485
7,1.0,0.0081195713486522433,1.0,0.0072376095689833161
8,1.0,0.0044988178415223956,1.0,0.0027086046990007161
9,1.0,0.0030813586898148062,1.0,0.0021150059144323069
10,1.0,0.0019524340284988284,1.0,0.0003414747266409298
11,1.0,0.00093546449788846071,1.0,6.2636174213063586e-05
12,1.0,0.00070845917216502132,1.0,2.8312533201339343e-05
13,1.0,0.00026329705870011824,1.0,1.394537005883952e-05
14,1.0,0.00013848212402081116,1.0,1.1929406718991232e-05
15,1.0,0.00025164875551126898,1.0,3.4693489700051334e-06
16,1.0,9.268191679439042e-05,1.0,5.741848137101139e-07
17,1.0,1.6087028757283407e-05,1.0,3.55891838429064e-07
18,1.0,2.2745941851098906e-05,1.0,1.87169034878328e-07
19,1.0,7.4156629921162676e-06,1.0,1.5574247432444585e-07
20,1.0,4.8219243240055219e-06,1.0,5.3674718856200345e-07
21,1.0,3.5144131743436446e-06,1.0,5.3620062014185046e-07
22,1.0,1.016847614891958e-05,1.0,2.5649116253134707e-07
23,1.0,2.1999716011578132e-06,1.0,1.6536012878987094e-07
